 2.38600000e+000 3.07700000e+000
 2.54400000e+000 1.97200000e+000
 2.80700000e+000 3.34700000e+000
 4.30800000e+000 1.93300000e+000
 4.38300000e+000 1.08100000e+000
 3.24400000e+000 4.51900000e+000
 3.92500000e+000 3.78500000e+000
 2.11600000e+000 3.49800000e+000
 1.84200000e+000 9.89000000e-001
 1.70900000e+000 1.84300000e+000
 3.80000000e+000 4.57800000e+000
 2.69900000e+000 1.19900000e+000
 3.03300000e+000 4.38400000e+000
 4.23200000e+000 1.58800000e+000
 4.75000000e+000 1.36900000e+000
 2.34100000e+000 4.13500000e+000
 2.82700000e+000 3.66700000e+000
 3.04300000e+000 4.69200000e+000
 1.68700000e+000 1.17400000e+000
 2.23500000e+000 2.38600000e+000
 3.12200000e+000 1.69500000e+000
 2.21900000e+000 2.77400000e+000
 3.18500000e+000 2.09200000e+000
 3.51400000e+000 5.11900000e+000
 4.45900000e+000 2.62400000e+000
 4.33900000e+000 1.47300000e+000
 4.92000000e+000 1.41700000e+000
 3.64800000e+000 3.78000000e+000
 2.91600000e+000 4.91600000e+000
 3.12700000e+000 1.69100000e+000
 3.44100000e+000 4.71900000e+000
 3.33600000e+000 4.61300000e+000
 3.64900000e+000 2.67400000e+000
 3.87500000e+000 4.92400000e+000
 2.61200000e+000 4.11400000e+000
 2.34000000e+000 4.14100000e+000
 3.81100000e+000 1.31800000e+000
 3.66100000e+000 3.78800000e+000
 4.34000000e+000 3.73600000e+000
 2.97200000e+000 9.88000000e-001
 2.28600000e+000 3.06800000e+000
 1.81300000e+000 2.11600000e+000
 3.37900000e+000 4.30800000e+000
 1.96500000e+000 2.80700000e+000
 3.55900000e+000 4.00900000e+000
 2.26700000e+000 4.18900000e+000
 2.96500000e+000 1.00200000e+000
 3.12000000e+000 1.46900000e+000
 3.45400000e+000 4.65400000e+000
 1.07100000e+000 1.56700000e+000
 3.57300000e+000 3.54200000e+000
 3.33100000e+000 4.60900000e+000
 3.54100000e+000 1.73900000e+000
 3.30300000e+000 3.96300000e+000
 3.31600000e+000 2.98700000e+000
 1.87900000e+000 1.17100000e+000
 1.12200000e+000 2.26700000e+000
 4.42300000e+000 1.07800000e+000
 1.24100000e+000 1.15500000e+000
 1.70600000e+000 1.84800000e+000
 3.26000000e+000 5.42000000e+000
 4.08100000e+000 8.97000000e-001
 3.07700000e+000 2.92600000e+000
 3.40600000e+000 4.74100000e+000
 3.69900000e+000 3.80000000e+000
 1.61900000e+000 2.88300000e+000
 3.19600000e+000 1.81400000e+000
 3.44700000e+000 4.73300000e+000
 3.00900000e+000 4.73800000e+000
 3.45200000e+000 4.73600000e+000
 2.90800000e+000 1.26300000e+000
 4.57800000e+000 1.51200000e+000
 3.51200000e+000 5.12400000e+000
 3.31200000e+000 2.99100000e+000
 2.15900000e+000 2.04100000e+000
 4.74200000e+000 1.38100000e+000
 3.59200000e+000 4.02700000e+000
 3.15200000e+000 3.27200000e+000
 4.78100000e+000 1.37500000e+000
 2.31900000e+000 2.40500000e+000
 3.61700000e+000 2.08400000e+000
 2.27800000e+000 9.29000000e-001
 3.79200000e+000 2.69500000e+000
 4.11300000e+000 2.70000000e+000
 3.04300000e+000 4.69800000e+000
 3.27100000e+000 2.16000000e+000
 1.43300000e+000 1.52500000e+000
 3.18400000e+000 2.09800000e+000
 3.67500000e+000 4.29300000e+000
 3.68100000e+000 5.69000000e+000
 2.46100000e+000 3.42300000e+000
 4.57600000e+000 1.41100000e+000
 2.22300000e+000 5.80000000e-001
 3.03100000e+000 1.20100000e+000
 3.34700000e+000 2.50500000e+000
 2.46500000e+000 4.00300000e+000
 3.17500000e+000 2.10200000e+000
 3.73300000e+000 9.74000000e-001
 3.08500000e+000 1.67700000e+000
 2.59500000e+000 3.63800000e+000
 4.27900000e+000 3.28300000e+000
 2.93300000e+000 9.78000000e-001
 3.59000000e+000 4.03300000e+000
 2.88300000e+000 1.23700000e+000
 2.42900000e+000 1.62000000e+000
 2.33300000e+000 2.41700000e+000
 6.26000000e-001 1.65200000e+000
 2.96900000e+000 7.78000000e-001
 9.71000000e-001 1.57600000e+000
 1.39200000e+000 1.84600000e+000
 2.54000000e+000 3.32000000e+000
 1.73800000e+000 1.77100000e+000
 2.24300000e+000 3.03100000e+000
 3.65600000e+000 2.63000000e+000
 2.32500000e+000 4.14300000e+000
 4.55000000e+000 1.41600000e+000
 4.32500000e+000 1.43600000e+000
 3.66900000e+000 4.29100000e+000
 1.87700000e+000 1.18600000e+000
 3.04400000e+000 1.12300000e+000
 3.00100000e+000 2.58100000e+000
 3.13600000e+000 2.09100000e+000
 2.63300000e+000 3.65000000e+000
 3.72100000e+000 4.23900000e+000
 2.33300000e+000 2.36700000e+000
 4.03800000e+000 2.35400000e+000
 3.11700000e+000 1.70200000e+000
 1.82400000e+000 9.99000000e-001
 2.85000000e+000 1.89000000e+000
 2.50200000e+000 3.98800000e+000
 1.44300000e+000 1.50900000e+000
 2.00800000e+000 1.35000000e+000
 2.97800000e+000 4.00900000e+000
 1.66200000e+000 1.42500000e+000
 1.58700000e+000 1.08000000e+000
 3.99400000e+000 3.81400000e+000
 4.38300000e+000 2.27900000e+000
 2.90100000e+000 4.91900000e+000
 4.15600000e+000 1.24200000e+000
 4.47500000e+000 3.52600000e+000
 2.58000000e+000 3.65400000e+000
 7.01000000e-001 1.99700000e+000
 3.64900000e+000 3.88700000e+000
 2.62300000e+000 8.53000000e-001
 1.31500000e+000 1.97500000e+000
 3.65600000e+000 2.67000000e+000
 4.42600000e+000 8.21000000e-001
 2.88200000e+000 3.69300000e+000
 1.10800000e+000 1.53500000e+000
 4.84000000e+000 1.08900000e+000
 1.46800000e+000 2.19200000e+000
 2.31900000e+000 4.10300000e+000
 3.58500000e+000 4.04000000e+000
 3.64700000e+000 3.78600000e+000
 2.31000000e+000 2.73200000e+000
 3.96200000e+000 2.00900000e+000
 3.47000000e+000 5.55500000e+000
 1.83900000e+000 9.95000000e-001
 1.70600000e+000 1.16500000e+000
 2.77400000e+000 1.54400000e+000
 3.49300000e+000 5.09200000e+000
 1.69500000e+000 3.22700000e+000
 4.40900000e+000 1.08400000e+000
 2.59600000e+000 3.21200000e+000
 1.89700000e+000 1.22000000e+000
 2.08300000e+000 1.69500000e+000
 3.67300000e+000 4.27800000e+000
 2.73100000e+000 3.00200000e+000
 4.26400000e+000 3.39100000e+000
 3.79200000e+000 2.70700000e+000
 3.39000000e+000 1.04800000e+000
 3.18400000e+000 5.07500000e+000
 3.64400000e+000 2.67700000e+000
 3.50400000e+000 5.13000000e+000
 2.24200000e+000 3.03600000e+000
 3.33200000e+000 4.62800000e+000
 3.49800000e+000 3.19600000e+000
 1.88300000e+000 1.17600000e+000
 3.32200000e+000 3.00100000e+000
 1.04700000e+000 1.92200000e+000
 3.84300000e+000 3.12100000e+000
 1.30100000e+000 5.99000000e-001
 1.10600000e+000 1.54800000e+000
 1.11400000e+000 1.53500000e+000
 1.51100000e+000 7.34000000e-001
 1.31700000e+000 1.50100000e+000
 1.43900000e+000 1.52300000e+000
 1.65100000e+000 1.15700000e+000
 1.70100000e+000 1.16900000e+000
 1.85700000e+000 6.59000000e-001
 1.34600000e+000 1.95400000e+000
 1.35400000e+000 1.96600000e+000
 1.35000000e+000 1.97000000e+000
 1.93200000e+000 1.00400000e+000
 1.83700000e+000 1.03700000e+000
 1.69000000e+000 1.85800000e+000
 1.72000000e+000 1.83300000e+000
 1.54300000e+000 2.53700000e+000
 2.35300000e+000 1.27400000e+000
 1.88900000e+000 2.46200000e+000
 2.32700000e+000 2.41700000e+000
 2.50400000e+000 1.96500000e+000
 2.59900000e+000 1.99600000e+000
 2.56100000e+000 1.98400000e+000
 2.89800000e+000 1.27400000e+000
 2.90200000e+000 1.26300000e+000
 3.08500000e+000 1.21400000e+000
 3.04600000e+000 1.20500000e+000
 3.02500000e+000 1.20100000e+000
 2.04000000e+000 3.15300000e+000
 2.23400000e+000 2.73700000e+000
 2.22000000e+000 2.73200000e+000
 2.22400000e+000 2.72800000e+000
 2.58000000e+000 2.31100000e+000
 2.25400000e+000 3.04500000e+000
 2.65600000e+000 2.65600000e+000
 3.46500000e+000 1.39300000e+000
 2.55300000e+000 3.31400000e+000
 2.53800000e+000 3.31400000e+000
 2.40200000e+000 3.97900000e+000
 2.45600000e+000 3.99000000e+000
 2.53700000e+000 3.76800000e+000
 2.58400000e+000 3.64900000e+000
 3.88700000e+000 1.66300000e+000
 4.41200000e+000 1.08800000e+000
 2.79500000e+000 3.64500000e+000
 2.83700000e+000 3.67900000e+000
 2.83200000e+000 3.67600000e+000
 3.30800000e+000 2.96300000e+000
 3.42200000e+000 2.85100000e+000
 3.69200000e+000 2.43000000e+000
 4.33100000e+000 1.44900000e+000
 4.33300000e+000 1.45500000e+000
 4.50200000e+000 1.16700000e+000
 3.22800000e+000 3.61700000e+000
 3.76800000e+000 2.77500000e+000
 3.76800000e+000 2.67500000e+000
 3.79800000e+000 2.69400000e+000
 4.59000000e+000 1.41400000e+000
 4.57100000e+000 1.40700000e+000
 4.74500000e+000 1.37200000e+000
 4.78800000e+000 1.64700000e+000
 2.97400000e+000 4.93700000e+000
 2.90600000e+000 4.92200000e+000
 3.10900000e+000 4.72900000e+000
 3.04000000e+000 4.71300000e+000
 3.91900000e+000 3.46600000e+000
 4.18900000e+000 3.04500000e+000
 3.65200000e+000 4.31200000e+000
 3.89400000e+000 3.80500000e+000
 3.91700000e+000 3.77300000e+000
 3.92500000e+000 3.77900000e+000
 4.25200000e+000 3.29200000e+000
 4.29200000e+000 3.29000000e+000
 4.28300000e+000 3.27800000e+000
 3.53000000e+000 4.99900000e+000
 4.07000000e+000 4.15700000e+000
 4.61000000e+000 3.31500000e+000
 3.60500000e+000 5.34500000e+000
 2.67200000e+000 3.55800000e+000
 3.58900000e+000 4.44300000e+000
 4.01000000e+000 4.71300000e+000
 2.94200000e+000 3.13700000e+000
 1.40900000e+000 2.74800000e+000
 3.97800000e+000 2.91000000e+000
 2.71500000e+000 2.10000000e+000
 3.87000000e+000 7.62000000e-001
 2.44500000e+000 2.52100000e+000
 3.82700000e+000 2.21900000e+000
 2.48800000e+000 1.06400000e+000
 1.64600000e+000 5.24000000e-001
 3.13600000e+000 2.37000000e+000
 3.74000000e+000 5.13400000e+000
 1.67800000e+000 2.32700000e+000
 4.39900000e+000 3.18000000e+000
 3.93500000e+000 4.36800000e+000
 3.33000000e+000 1.60400000e+000
 3.55700000e+000 2.64000000e+000
 1.37600000e+000 9.45000000e-001
 2.02400000e+000 2.25100000e+000
 3.31000000e+000 4.59400000e+000
 4.09700000e+000 1.79800000e+000
 2.32600000e+000 3.63300000e+000
 3.51400000e+000 4.09800000e+000
 3.16800000e+000 4.17300000e+000
 4.29200000e+000 1.03900000e+000
 2.83400000e+000 9.88000000e-001
 4.44300000e+000 1.72300000e+000
 3.48200000e+000 2.29500000e+000
 3.66500000e+000 4.78900000e+000
 4.17300000e+000 2.14400000e+000
 2.14300000e+000 1.13900000e+000
 3.06100000e+000 2.02500000e+000
 2.98500000e+000 1.67900000e+000
 3.43800000e+000 3.75200000e+000
 4.63700000e+000 9.56000000e-001
 3.04900000e+000 5.28500000e+000
 1.10600000e+000 1.36600000e+000
 3.63300000e+000 2.98600000e+000
 3.70800000e+000 3.33100000e+000
 2.90900000e+000 1.33400000e+000
 2.10200000e+000 2.59700000e+000
 1.79700000e+000 1.21500000e+000
 3.25500000e+000 1.25300000e+000
 4.12900000e+000 3.60100000e+000
 3.36300000e+000 3.40700000e+000
 1.45200000e+000 1.29000000e+000
 4.74500000e+000 3.10500000e+000
 4.91000000e-001 1.86200000e+000
 2.36900000e+000 2.17600000e+000
 3.67600000e+000 1.52800000e+000
 1.25700000e+000 2.05700000e+000
 3.90300000e+000 2.56500000e+000
 1.60300000e+000 1.98100000e+000
 3.39500000e+000 5.21000000e+000
 2.56400000e+000 1.40900000e+000
 9.12000000e-001 2.13200000e+000
 3.09300000e+000 3.82800000e+000
 8.36000000e-001 1.78700000e+000
 2.75800000e+000 6.43000000e-001
 3.01700000e+000 3.48200000e+000
 3.21200000e+000 2.71600000e+000
 4.02200000e+000 1.45300000e+000
 4.05400000e+000 3.25600000e+000
 2.52100000e+000 2.86700000e+000
 3.31900000e+000 4.86400000e+000
 2.82300000e+000 4.24900000e+000
 1.72200000e+000 8.69000000e-001
 2.25100000e+000 3.28800000e+000
 1.18200000e+000 1.71100000e+000
 1.83000000e+000 3.01800000e+000
 3.75200000e+000 1.87400000e+000
 2.21800000e+000 1.48500000e+000
 1.87300000e+000 1.56000000e+000
 3.60000000e+000 1.18300000e+000
 2.88700000e+000 4.88900000e+000
 1.52700000e+000 1.63600000e+000
 1.33300000e+000 2.40700000e+000
 2.41300000e+000 7.18000000e-001
 1.94800000e+000 1.90600000e+000
 1.75400000e+000 2.67200000e+000
 2.29400000e+000 1.83000000e+000
 2.63900000e+000 1.75500000e+000
 1.90500000e+000 3.36300000e+000
 2.17500000e+000 2.94200000e+000
 2.79100000e+000 2.44600000e+000
 2.86600000e+000 2.79100000e+000
 3.40700000e+000 1.95300000e+000
 3.94600000e+000 1.10700000e+000
 2.45200000e+000 3.99500000e+000
 2.74700000e+000 3.90300000e+000
 3.28700000e+000 3.06100000e+000
 4.36700000e+000 1.37700000e+000
 4.71300000e+000 1.30200000e+000
 4.24800000e+000 2.48900000e+000
 3.78400000e+000 3.67700000e+000
 4.32400000e+000 2.83500000e+000
 3.85900000e+000 4.02200000e+000
 2.59300000e+000 3.31200000e+000
