 1.74000000e+000 2.13200000e+001 9.25600000e+001
 1.33500000e+000 2.97200000e+001 7.35600000e+001
 1.61000000e+000 2.14000000e+001 6.48000000e+001
 2.15000000e+000 2.97200000e+001 9.00000000e+001
 1.56500000e+000 2.62000000e+001 8.84000000e+001
 1.14500000e+000 2.20400000e+001 7.52000000e+001
 8.94000000e-001 2.17600000e+001 7.24000000e+001
 5.25000000e-001 9.72000000e+000 7.20800000e+001
 2.40000000e-001 1.13200000e+001 5.64000000e+001
 6.25000000e-001 1.68800000e+001 7.56000000e+001
 3.87300000e+000 2.16400000e+001 1.43200000e+002
 1.42500000e+000 1.57200000e+001 6.68000000e+001
 4.55000000e-001 7.08000000e+000 3.78800000e+001
 1.02500000e+000 1.74000000e+001 4.76000000e+001
 7.75000000e-001 2.37600000e+001 7.08000000e+001
 6.20000000e-001 1.08000000e+001 4.68000000e+001
 4.00000000e-001 6.68000000e+000 2.52000000e+001
 6.25000000e-001 1.13200000e+001 3.13200000e+001
 3.55000000e-001 6.64000000e+000 3.95600000e+001
 1.58500000e+000 2.50800000e+001 1.14280000e+002
 1.88500000e+000 3.47200000e+001 1.20280000e+002
 1.30000000e+000 3.15200000e+001 7.17600000e+001
 1.57500000e+000 3.50000000e+001 9.06800000e+001
 4.19100000e+000 2.17600000e+001 1.45600000e+002
 1.48500000e+000 1.58400000e+001 8.28000000e+001
 9.15000000e-001 1.86000000e+001 8.60000000e+001
 7.05000000e-001 2.19600000e+001 6.64000000e+001
 6.20000000e-001 2.44400000e+001 7.80000000e+001
 8.85000000e-001 1.38800000e+001 4.68000000e+001
 1.96000000e+000 3.51200000e+001 1.23840000e+002
 3.15500000e+000 2.42800000e+001 1.51600000e+002
 1.28000000e+000 2.32800000e+001 8.16000000e+001
 1.78500000e+000 1.77200000e+001 5.80000000e+001
 1.89500000e+000 2.67200000e+001 1.41600000e+002
 5.70000000e-001 7.44000000e+000 4.76000000e+001
 5.40000000e-001 1.06000000e+001 5.32000000e+001
 7.50000000e-001 2.66000000e+001 8.08000000e+001
 8.75000000e-001 2.08000000e+001 7.64000000e+001
 2.81800000e+000 2.19600000e+001 8.08000000e+001
 3.80500000e+000 2.88800000e+001 2.19320000e+002
 6.05000000e-001 1.28000000e+001 6.71600000e+001
 1.00300000e+000 2.05600000e+001 1.10000000e+002
 1.90000000e+000 2.48000000e+001 8.36000000e+001
 8.95000000e-001 2.41600000e+001 1.02440000e+002
 4.02000000e+000 2.19600000e+001 1.01600000e+002
 5.60000000e-001 1.11200000e+001 5.72000000e+001
 1.39000000e+000 2.46000000e+001 1.49200000e+002
 1.91000000e+000 8.00000000e+000 5.04000000e+001
 1.07000000e+000 1.99200000e+001 7.08000000e+001
 7.95000000e-001 1.52800000e+001 6.56000000e+001
 5.50000000e-001 1.60000000e+001 7.60000000e+001
 1.25500000e+000 2.54400000e+001 1.01600000e+002
 2.05500000e+000 2.08000000e+001 5.93600000e+001
 1.22000000e+000 2.03200000e+001 9.00000000e+001
 9.75000000e-001 2.36000000e+001 8.32000000e+001
 4.65000000e-001 9.16000000e+000 4.44000000e+001
 1.14500000e+000 3.15600000e+001 7.44000000e+001
 1.52500000e+000 2.68000000e+001 8.76000000e+001
 1.45500000e+000 1.26800000e+001 3.96000000e+001
 1.12000000e+000 1.99600000e+001 8.32000000e+001
 1.81900000e+000 2.86000000e+001 8.24000000e+001
 4.95000000e-001 1.09200000e+001 5.04000000e+001
 2.12000000e+000 2.15200000e+001 6.48000000e+001
 2.15000000e+000 1.97200000e+001 1.20800000e+002
 6.50000000e-001 1.92800000e+001 7.40000000e+001
 8.40000000e-001 1.60800000e+001 5.88000000e+001
 3.92500000e+000 2.61200000e+001 9.23600000e+001
 1.98000000e+000 1.76800000e+001 1.08000000e+002
 4.50000000e-001 1.00000000e+001 3.94000000e+001
 2.96000000e+000 1.50000000e+001 1.48400000e+002
 1.68500000e+000 1.47200000e+001 8.43200000e+001
 1.30500000e+000 2.72000000e+001 7.76000000e+001
 4.22700000e+000 2.29200000e+001 1.36800000e+002
 9.80000000e-001 1.94000000e+001 7.28000000e+001
 1.57000000e+000 2.83200000e+001 8.16000000e+001
 8.60000000e-001 2.34800000e+001 6.36000000e+001
 2.17000000e+000 2.94800000e+001 7.44000000e+001
 1.56000000e+000 2.35200000e+001 9.40000000e+001
 8.10000000e-001 2.08400000e+001 5.88000000e+001
 1.71000000e+000 2.69600000e+001 1.25400000e+002
 8.45000000e-001 2.62000000e+001 7.96000000e+001
 3.57000000e-001 6.56000000e+000 4.68000000e+001
 1.53500000e+000 1.34000000e+001 5.24000000e+001
 1.28500000e+000 7.16000000e+000 6.52000000e+001
 1.82000000e+000 1.04400000e+001 3.98000000e+001
 9.45000000e-001 3.26000000e+001 1.04360000e+002
 1.60500000e+000 1.62000000e+001 7.52000000e+001
 2.23000000e+000 3.77200000e+001 9.66000000e+001
 8.90000000e-001 2.29600000e+001 6.60000000e+001
 1.89800000e+000 2.83600000e+001 8.60000000e+001
 3.70000000e-001 6.08000000e+000 4.72000000e+001
 1.38000000e+000 2.57600000e+001 7.16000000e+001
 2.85000000e-001 2.45200000e+001 7.60000000e+001
 6.10000000e-001 1.03600000e+001 5.12400000e+001
 6.25000000e-001 1.92000000e+001 4.36000000e+001
 3.25000000e-001 4.72000000e+000 3.50800000e+001
 1.98500000e+000 3.72000000e+001 8.98400000e+001
 9.50000000e-001 2.65200000e+001 7.40000000e+001
 2.04000000e+000 2.98000000e+001 1.07200000e+002
 3.25000000e-001 4.76000000e+000 4.08000000e+001
 8.30000000e-001 2.46400000e+001 8.44000000e+001
 8.00000000e-001 1.60000000e+001 1.00400000e+002
 2.08000000e+000 2.48400000e+001 7.96000000e+001
 2.55000000e+000 1.61200000e+001 9.69600000e+001
 2.53500000e+000 2.66400000e+001 1.26800000e+002
 1.43500000e+000 2.13200000e+001 1.10320000e+002
 3.75000000e-001 1.44000000e+001 4.64000000e+001
 1.93000000e+000 3.37600000e+001 1.66280000e+002
 1.21500000e+000 1.52000000e+001 6.40000000e+001
 1.05000000e+000 2.00000000e+001 4.84000000e+001
 1.26000000e+000 1.76000000e+001 6.28000000e+001
 6.85000000e-001 1.62400000e+001 7.60000000e+001
 7.05000000e-001 1.46000000e+001 5.98800000e+001
 1.38500000e+000 5.36000000e+000 4.92000000e+001
 5.05000000e-001 1.09200000e+001 5.44000000e+001
 1.74000000e+000 2.77200000e+001 7.36000000e+001
 5.60000000e-001 1.37200000e+001 5.72000000e+001
 1.91700000e+000 1.87200000e+001 5.96000000e+001
 3.20000000e-001 6.44000000e+000 3.98800000e+001
 6.30000000e-001 1.86800000e+001 8.07600000e+001
 4.18000000e+000 2.22000000e+001 8.17200000e+001
 1.11000000e+000 3.03200000e+001 7.90000000e+001
 4.25000000e-001 5.04000000e+000 6.16000000e+001
 2.80000000e-001 1.22800000e+001 4.64000000e+001
 1.39000000e+000 2.82000000e+001 1.35880000e+002
 2.80500000e+000 3.29200000e+001 6.56000000e+001
 1.71000000e+000 3.50000000e+001 1.06360000e+002
 1.65000000e-001 7.08000000e+000 4.40000000e+001
 1.36000000e+000 7.08000000e+000 2.88800000e+001
 2.40000000e-001 5.20000000e+000 3.22400000e+001
 1.44500000e+000 2.06800000e+001 7.56000000e+001
 5.15000000e-001 8.96000000e+000 5.04000000e+001
 5.60000000e-001 1.24000000e+001 4.92000000e+001
 9.05000000e-001 1.65600000e+001 7.84000000e+001
 6.05000000e-001 1.14400000e+001 5.40000000e+001
 2.42300000e+000 2.83200000e+001 8.40000000e+001
 7.85000000e-001 2.27200000e+001 6.08000000e+001
 8.10000000e-001 1.49200000e+001 4.20000000e+001
 1.10000000e+000 1.79200000e+001 4.40000000e+001
 9.51000000e-001 2.03600000e+001 7.08000000e+001
 2.75000000e-001 4.64000000e+000 3.34400000e+001
 1.58000000e+000 3.22000000e+001 8.60000000e+001
 1.06000000e+000 2.92400000e+001 8.08000000e+001
 2.58000000e+000 2.73600000e+001 1.06400000e+002
 3.68000000e+000 2.87200000e+001 8.96000000e+001
 1.87500000e+000 2.54000000e+001 6.52000000e+001
 8.05000000e-001 2.60000000e+001 6.16000000e+001
 5.35000000e-001 5.40000000e+000 3.29200000e+001
 2.05500000e+000 2.31600000e+001 1.08000000e+002
 5.55000000e-001 1.96000000e+001 6.48000000e+001
 1.51000000e+000 3.06800000e+001 8.04000000e+001
 5.80000000e-001 1.09200000e+001 5.04000000e+001
 1.97000000e+000 2.57600000e+001 9.92000000e+001
 7.65000000e-001 2.09600000e+001 9.08000000e+001
 7.35000000e-001 2.32400000e+001 7.90400000e+001
 1.44500000e+000 3.44000000e+001 1.04400000e+002
 2.23400000e+000 2.96800000e+001 6.40000000e+001
 2.25000000e-001 1.01200000e+001 5.60000000e+001
 7.40000000e-001 8.68000000e+000 6.24000000e+001
 1.91500000e+000 2.06400000e+001 9.02400000e+001
 3.42100000e+000 2.04400000e+001 1.34400000e+002
 1.83500000e+000 2.14400000e+001 9.74800000e+001
 1.77000000e+000 2.70000000e+001 8.92000000e+001
 3.99500000e+000 2.20000000e+001 1.18240000e+002
 2.60000000e-001 4.76000000e+000 2.72000000e+001
 4.40000000e-001 1.66800000e+001 5.48000000e+001
 1.01500000e+000 1.92800000e+001 7.04000000e+001
 4.85000000e-001 2.09200000e+001 5.79600000e+001
 2.82800000e+000 2.49600000e+001 1.32800000e+002
 1.38000000e+000 1.71200000e+001 5.52000000e+001
 1.66000000e+000 2.93200000e+001 1.23320000e+002
 6.85000000e-001 1.63200000e+001 5.36000000e+001
 9.30000000e-001 2.31200000e+001 5.64000000e+001
 5.12900000e+000 1.82800000e+001 1.35600000e+002
 7.25000000e-001 1.27200000e+001 5.67200000e+001
 7.40000000e-001 1.72000000e+001 8.32000000e+001
 9.90000000e-001 2.29200000e+001 6.56000000e+001
 1.95000000e-001 7.52000000e+000 4.32000000e+001
 1.34000000e+000 2.31200000e+001 8.12000000e+001
 1.24000000e+000 2.25200000e+001 8.32000000e+001
 1.84000000e+000 3.52800000e+001 8.60000000e+001
 9.10000000e-001 1.80000000e+001 7.52000000e+001
 1.27000000e+000 1.94400000e+001 6.52000000e+001
 1.48000000e+000 2.61600000e+001 1.40400000e+002
 1.24500000e+000 2.19600000e+001 7.12000000e+001
 1.38500000e+000 1.96400000e+001 9.48000000e+001
 1.72000000e+000 1.65200000e+001 7.56000000e+001
 5.25000000e-001 8.36000000e+000 4.96000000e+001
 6.90000000e-001 9.04000000e+000 4.56000000e+001
 3.53000000e+000 2.44400000e+001 1.24800000e+002
 9.30000000e-001 2.02400000e+001 6.92000000e+001
 1.16500000e+000 2.40000000e+001 5.96000000e+001
 3.81000000e+000 2.70800000e+001 1.02000000e+002
 1.35000000e-001 5.24000000e+000 3.25600000e+001
 2.15000000e-001 8.16000000e+000 4.40000000e+001
 1.77500000e+000 2.23600000e+001 9.16000000e+001
 5.85000000e-001 1.59600000e+001 7.68000000e+001
 1.56300000e+000 2.87200000e+001 1.04000000e+002
 2.75000000e-001 4.20000000e+000 3.78800000e+001
 2.50500000e+000 3.10400000e+001 7.84000000e+001
 1.38500000e+000 2.26000000e+001 1.23000000e+002
 1.79000000e+000 2.56400000e+001 8.03200000e+001
 2.11500000e+000 5.32000000e+001 1.33880000e+002
 1.63000000e+000 4.29200000e+001 7.74000000e+001
 2.70000000e+000 1.50000000e+001 9.96000000e+001
 4.49500000e+000 2.26400000e+001 1.01680000e+002
 7.65000000e-001 1.12800000e+001 8.62000000e+001
 4.00000000e-001 1.33600000e+001 4.40000000e+001
 3.20000000e-001 7.20000000e+000 4.37200000e+001
 6.55000000e-001 8.24000000e+000 5.12400000e+001
 1.11000000e+000 2.44400000e+001 7.11200000e+001
 7.70000000e-001 2.38800000e+001 6.22800000e+001
 1.20500000e+000 2.74400000e+001 8.55200000e+001
 1.55500000e+000 2.39200000e+001 7.75600000e+001
 5.75000000e-001 1.32000000e+001 6.69200000e+001
 5.25000000e-001 1.80000000e+001 9.14800000e+001
 7.05000000e-001 1.76000000e+001 9.66000000e+001
 9.90000000e-001 1.57200000e+001 6.01200000e+001
 1.65500000e+000 1.73200000e+001 8.16000000e+001
 5.15000000e-001 8.20000000e+000 4.32000000e+001
 3.50000000e-001 4.92000000e+000 3.71600000e+001
 2.30000000e-001 5.68000000e+000 3.20800000e+001
 3.05000000e-001 5.60000000e+000 4.48000000e+001
 1.53500000e+000 3.24000000e+001 8.56000000e+001
 1.53000000e+000 2.64000000e+001 8.08000000e+001
 3.00000000e-001 6.32000000e+000 2.71200000e+001
 4.25000000e-001 8.00000000e+000 3.14800000e+001
 3.60000000e-001 1.18000000e+001 2.89200000e+001
 1.06000000e+000 2.39200000e+001 7.84000000e+001
 9.00000000e-001 2.62000000e+001 9.48000000e+001
 1.61000000e+000 8.76000000e+000 3.11600000e+001
 9.50000000e-001 1.87200000e+001 6.12000000e+001
 8.20000000e-001 1.67200000e+001 6.76000000e+001
 8.60000000e-001 2.01200000e+001 6.16000000e+001
 1.83500000e+000 2.40000000e+001 9.00000000e+001
 2.20000000e-001 1.75200000e+001 4.52000000e+001
 1.09500000e+000 2.88000000e+001 5.68000000e+001
 9.95000000e-001 1.91200000e+001 5.40000000e+001
 9.60000000e-001 2.19200000e+001 6.48000000e+001
 1.40000000e+000 2.64000000e+001 7.08000000e+001
 6.90000000e-001 2.36800000e+001 6.64000000e+001
 7.20000000e-001 2.67200000e+001 6.32000000e+001
 2.26000000e+000 2.15200000e+001 7.76000000e+001
 1.13000000e+000 1.32000000e+001 3.28400000e+001
 6.45000000e-001 8.88000000e+000 4.24000000e+001
 6.30000000e-001 9.36000000e+000 3.66400000e+001
 8.60000000e-001 1.74800000e+001 5.88000000e+001
 1.64500000e+000 2.03200000e+001 9.04000000e+001
 3.14900000e+000 2.77200000e+001 9.80000000e+001
 5.52000000e-001 2.01200000e+001 7.92000000e+001
 1.56800000e+000 2.22800000e+001 7.16000000e+001
 8.55000000e-001 2.10000000e+001 5.96000000e+001
 7.33000000e-001 2.22400000e+001 7.40000000e+001
 2.08000000e+000 2.86400000e+001 1.10800000e+002
 8.44000000e-001 2.64800000e+001 9.00000000e+001
 4.90000000e-001 1.67600000e+001 5.68000000e+001
 1.91600000e+000 2.84400000e+001 9.08000000e+001
 1.38400000e+000 2.07200000e+001 4.68000000e+001
 8.49000000e-001 1.75600000e+001 5.80000000e+001
 1.57000000e+000 1.86000000e+001 6.52000000e+001
 2.04500000e+000 2.15200000e+001 1.12800000e+002
 1.20300000e+000 2.39200000e+001 9.16000000e+001
 4.90000000e-001 1.46000000e+001 4.12000000e+001
 6.92000000e-001 1.46400000e+001 5.04000000e+001
 1.75000000e+000 2.64000000e+001 6.32000000e+001
 4.15000000e-001 2.42400000e+001 5.31600000e+001
 6.85000000e-001 1.31200000e+001 4.92800000e+001
 9.20000000e-001 3.15200000e+001 1.02720000e+002
 2.12000000e+000 1.45200000e+001 7.24000000e+001
 4.95000000e-001 1.61200000e+001 5.76000000e+001
 1.06000000e+000 2.52400000e+001 7.64000000e+001
 7.90000000e-001 1.49200000e+001 3.26000000e+001
 7.72000000e-001 2.42400000e+001 5.68000000e+001
 1.18800000e+000 2.23600000e+001 1.08400000e+002
 1.61500000e+000 3.02000000e+001 1.56800000e+002
 3.02300000e+000 2.53600000e+001 1.05200000e+002
 2.31500000e+000 2.54000000e+001 1.47400000e+002
 2.65000000e+000 1.89200000e+001 5.84000000e+001
 3.78000000e+000 2.35200000e+001 1.75200000e+002
 1.80500000e+000 2.31200000e+001 1.24800000e+002
 1.58000000e+000 2.25200000e+001 1.08800000e+002
 1.93000000e+000 3.57200000e+001 9.00000000e+001
 4.15000000e-001 6.28000000e+000 4.07200000e+001
 6.75000000e-001 1.16400000e+001 5.00000000e+001
 7.45000000e-001 1.54000000e+001 5.24000000e+001
 1.42000000e+000 2.06000000e+001 6.32000000e+001
 1.42500000e+000 2.55600000e+001 1.08800000e+002
 1.31000000e+000 1.96000000e+001 8.04000000e+001
 1.76500000e+000 3.08000000e+001 1.92000000e+002
 6.47000000e-001 1.38800000e+001 6.08000000e+001
 1.81000000e+000 2.96000000e+001 9.28000000e+001
 3.94000000e-001 8.92000000e+000 7.24000000e+001
 1.60000000e+000 2.53200000e+001 9.26400000e+001
 1.67500000e+000 4.36800000e+001 1.11080000e+002
 1.28000000e+000 1.86000000e+001 6.52000000e+001
 8.70000000e-001 2.25200000e+001 7.84000000e+001
 8.00000000e-001 2.71600000e+001 6.04000000e+001
 4.75000000e-001 7.92000000e+000 4.68000000e+001
 8.55000000e-001 2.23200000e+001 8.04000000e+001
 1.34000000e+000 2.32800000e+001 5.80000000e+001
 1.80500000e+000 1.12400000e+001 1.11320000e+002
 8.25000000e-001 2.53600000e+001 7.54400000e+001
 5.45000000e-001 8.88000000e+000 4.72000000e+001
 1.78000000e+000 2.45200000e+001 2.59840000e+002
 2.56600000e+000 2.36000000e+001 5.92000000e+001
 6.10000000e-001 1.93200000e+001 5.32000000e+001
 5.85000000e-001 1.32000000e+001 5.12000000e+001
 1.43600000e+000 9.52000000e+000 4.48000000e+001
 2.41500000e+000 1.81600000e+001 4.92000000e+001
 7.50000000e-001 2.02000000e+001 9.56800000e+001
 8.05000000e-001 1.95200000e+001 8.81600000e+001
 6.50000000e-001 1.96400000e+001 5.20000000e+001
 5.10000000e-001 1.98000000e+000 6.04000000e+001
 7.05000000e-001 1.79200000e+001 7.04000000e+001
 1.11200000e+000 1.94800000e+001 6.56000000e+001
 1.31000000e+000 2.04000000e+001 1.45200000e+002
 2.20000000e+000 3.08000000e+001 7.84000000e+001
 4.50000000e-001 9.36000000e+000 4.32000000e+001
 8.25000000e-001 2.28400000e+001 8.04000000e+001
 1.24500000e+000 1.86400000e+001 8.68000000e+001
 1.09000000e+000 1.88000000e+001 5.92000000e+001
 7.80000000e-001 2.40000000e+001 7.56000000e+001
 1.95000000e+000 3.67200000e+001 1.00000000e+002
 1.31000000e+000 2.00800000e+001 7.88000000e+001
 1.58500000e+000 3.31200000e+001 7.56400000e+001
 5.20000000e-001 1.54000000e+001 3.75200000e+001
 1.00500000e+000 8.20000000e+000 5.16000000e+001
 5.70000000e-001 9.68000000e+000 5.68000000e+001
 3.30000000e-001 4.68000000e+000 2.68000000e+001
 2.53500000e+000 2.62400000e+001 7.16000000e+001
 2.68500000e+000 2.78800000e+001 1.11760000e+002
 6.90000000e-001 2.84000000e+001 8.04000000e+001
 3.75000000e-001 1.63600000e+001 7.00000000e+001
 1.95500000e+000 2.08800000e+001 1.10800000e+002
 1.18500000e+000 2.74000000e+001 8.98800000e+001
 1.32500000e+000 1.44400000e+001 4.64000000e+001
 7.95000000e-001 1.32000000e+001 7.88000000e+001
 1.63000000e+000 3.75200000e+001 9.84000000e+001
 6.77000000e-001 2.39200000e+001 6.92000000e+001
 1.29800000e+000 2.60400000e+001 9.64000000e+001
 1.53000000e+000 2.98000000e+001 7.72000000e+001
 6.70000000e-001 2.32400000e+001 8.16000000e+001
 1.01000000e+000 1.74400000e+001 5.24800000e+001
 5.00000000e-001 9.36000000e+000 4.64000000e+001
 1.66500000e+000 3.00800000e+001 8.78400000e+001
 1.52000000e+000 2.41200000e+001 8.44000000e+001
 1.31500000e+000 2.43200000e+001 7.90800000e+001
 1.32500000e+000 2.46000000e+001 8.40800000e+001
 4.95000000e-001 2.06000000e+001 4.88000000e+001
 3.95000000e-001 5.60000000e+000 3.96400000e+001
 3.80000000e-001 1.14000000e+001 2.50000000e+001
 2.08500000e+000 2.64000000e+001 1.04000000e+002
 2.61000000e+000 2.94000000e+001 8.64000000e+001
 8.45000000e-001 2.38000000e+001 6.56000000e+001
 1.22000000e+000 2.10400000e+001 4.64000000e+001
 6.40000000e-001 1.80000000e+001 5.52000000e+001
 1.65000000e+000 2.27200000e+001 8.00000000e+001
 1.43300000e+000 2.91200000e+001 8.72000000e+001
 3.25000000e-001 1.40000000e+001 5.49600000e+001
