 2.40000000e+000 0.00000000e+000
 2.60000000e+000 -1.30000000e+000
 3.20000000e+000 -2.70000000e+000
 3.60000000e+000 0.00000000e+000
 4.00000000e+000 -2.70000000e+000
 6.20000000e+000 -2.70000000e+000
 6.60000000e+000 -2.70000000e+000
 6.80000000e+000 -1.30000000e+000
 7.80000000e+000 -2.70000000e+000
 8.20000000e+000 -2.70000000e+000
 8.80000000e+000 -1.30000000e+000
 8.80000000e+000 -2.70000000e+000
 9.60000000e+000 -2.70000000e+000
 1.00000000e+001 -2.70000000e+000
 1.02000000e+001 -5.40000000e+000
 1.06000000e+001 -2.70000000e+000
 1.10000000e+001 -5.40000000e+000
 1.14000000e+001 0.00000000e+000
 1.32000000e+001 -2.70000000e+000
 1.36000000e+001 -2.70000000e+000
 1.38000000e+001 0.00000000e+000
 1.46000000e+001 -1.33000000e+001
 1.46000000e+001 -5.40000000e+000
 1.46000000e+001 -5.40000000e+000
 1.46000000e+001 -9.30000000e+000
 1.46000000e+001 -1.60000000e+001
 1.46000000e+001 -2.28000000e+001
 1.48000000e+001 -2.70000000e+000
 1.54000000e+001 -2.28000000e+001
 1.54000000e+001 -3.21000000e+001
 1.54000000e+001 -5.35000000e+001
 1.54000000e+001 -5.49000000e+001
 1.56000000e+001 -4.02000000e+001
 1.56000000e+001 -2.15000000e+001
 1.58000000e+001 -2.15000000e+001
 1.58000000e+001 -5.08000000e+001
 1.60000000e+001 -4.29000000e+001
 1.60000000e+001 -2.68000000e+001
 1.62000000e+001 -2.15000000e+001
 1.62000000e+001 -5.08000000e+001
 1.62000000e+001 -6.17000000e+001
 1.64000000e+001 -5.40000000e+000
 1.64000000e+001 -8.04000000e+001
 1.66000000e+001 -5.90000000e+001
 1.68000000e+001 -7.10000000e+001
 1.68000000e+001 -9.11000000e+001
 1.68000000e+001 -7.77000000e+001
 1.76000000e+001 -3.75000000e+001
 1.76000000e+001 -8.56000000e+001
 1.76000000e+001 -1.23100000e+002
 1.76000000e+001 -1.01900000e+002
 1.78000000e+001 -9.91000000e+001
 1.78000000e+001 -1.04400000e+002
 1.86000000e+001 -1.12500000e+002
 1.86000000e+001 -5.08000000e+001
 1.92000000e+001 -1.23100000e+002
 1.94000000e+001 -8.56000000e+001
 1.94000000e+001 -7.23000000e+001
 1.96000000e+001 -1.27200000e+002
 2.02000000e+001 -1.23100000e+002
 2.04000000e+001 -1.17900000e+002
 2.12000000e+001 -1.34000000e+002
 2.14000000e+001 -1.01900000e+002
 2.18000000e+001 -1.08400000e+002
 2.20000000e+001 -1.23100000e+002
 2.32000000e+001 -1.23100000e+002
 2.34000000e+001 -1.28500000e+002
 2.40000000e+001 -1.12500000e+002
 2.42000000e+001 -9.51000000e+001
 2.42000000e+001 -8.18000000e+001
 2.46000000e+001 -5.35000000e+001
 2.50000000e+001 -6.44000000e+001
 2.50000000e+001 -5.76000000e+001
 2.54000000e+001 -7.23000000e+001
 2.54000000e+001 -4.43000000e+001
 2.56000000e+001 -2.68000000e+001
 2.60000000e+001 -5.40000000e+000
 2.62000000e+001 -1.07100000e+002
 2.62000000e+001 -2.15000000e+001
 2.64000000e+001 -6.56000000e+001
 2.70000000e+001 -1.60000000e+001
 2.72000000e+001 -4.56000000e+001
 2.72000000e+001 -2.42000000e+001
 2.72000000e+001 9.50000000e+000
 2.76000000e+001 4.00000000e+000
 2.82000000e+001 1.20000000e+001
 2.84000000e+001 -2.15000000e+001
 2.84000000e+001 3.75000000e+001
 2.86000000e+001 4.69000000e+001
 2.94000000e+001 -1.74000000e+001
 3.02000000e+001 3.62000000e+001
 3.10000000e+001 7.50000000e+001
 3.12000000e+001 8.10000000e+000
 3.20000000e+001 5.49000000e+001
 3.20000000e+001 4.82000000e+001
 3.28000000e+001 4.69000000e+001
 3.34000000e+001 1.60000000e+001
 3.38000000e+001 4.56000000e+001
 3.44000000e+001 1.30000000e+000
 3.48000000e+001 7.50000000e+001
 3.52000000e+001 -1.60000000e+001
 3.52000000e+001 -5.49000000e+001
 3.54000000e+001 6.96000000e+001
 3.56000000e+001 3.48000000e+001
 3.56000000e+001 3.21000000e+001
 3.62000000e+001 -3.75000000e+001
 3.62000000e+001 2.28000000e+001
 3.80000000e+001 4.69000000e+001
 3.80000000e+001 1.07000000e+001
 3.92000000e+001 5.40000000e+000
 3.94000000e+001 -1.30000000e+000
 4.00000000e+001 -2.15000000e+001
 4.04000000e+001 -1.33000000e+001
 4.16000000e+001 3.08000000e+001
 4.16000000e+001 -1.07000000e+001
 4.24000000e+001 2.94000000e+001
 4.28000000e+001 0.00000000e+000
 4.28000000e+001 -1.07000000e+001
 4.30000000e+001 1.47000000e+001
 4.40000000e+001 -1.30000000e+000
 4.44000000e+001 0.00000000e+000
 4.50000000e+001 1.07000000e+001
 4.66000000e+001 1.07000000e+001
 4.78000000e+001 -2.68000000e+001
 4.78000000e+001 -1.47000000e+001
 4.88000000e+001 -1.33000000e+001
 5.06000000e+001 0.00000000e+000
 5.20000000e+001 1.07000000e+001
 5.32000000e+001 -1.47000000e+001
 5.50000000e+001 -2.70000000e+000
 5.50000000e+001 1.07000000e+001
 5.54000000e+001 -2.70000000e+000
 5.76000000e+001 1.07000000e+001
